output/landgen_output/Results_Grp3/canopy_group3.txt.hydrography_group3.txt.nlcd_group3.txt.roads_ranked_group3.txt.asc
NCOLS 62 
NROWS 44 
XLLCORNER -83.414950501105 
YLLCORNER 42.419478386698 
CELLSIZE 0.000424449154075497 
NODATA_value -9999 
[rows 0 to 19 of 44, columns 0 to 45 of 62]
13.909292958854000 11.4761601186311 11.7309977673205 12.1483866918039 12.300873335567 11.7309977673205 13.909292958854 14.6983397892874 14.6983397892874 7.20044434618607 9.37388376379023 16.8212641681096 15.2308262965702 13.909292958854 13.909292958854 14.6983397892874 14.6983397892874 14.6983397892874 14.6983397892874 14.6983397892874 14.6983397892874 13.909292958854 12.5495491529869 11.7309977673205 14.6983397892874 14.6983397892874 14.6983397892874 11.7309977673205 11.7309977673205 12.2256110076537 13.909292958854 14.6983397892874 14.6983397892874 14.6983397892874 11.7309977673205 14.6983397892874 8.49789544310136 8.49789544310136 12.6819105929692 14.6983397892874 13.909292958854 7.8796433719519 7.91515672782385 7.57846943570019 7.20044434618607 7.95021604894046
13.909292958854 11.4761601186311 8.49789544310136 11.7309977673205 11.7309977673205 13.909292958854 14.6983397892874 14.6983397892874 14.6983397892874 9.37388376379023 9.48443822008981 9.34042419450587 16.429734516859 16.4950753869491 15.1157287137708 14.6983397892874 14.6983397892874 14.6983397892874 14.6983397892874 14.6983397892874 14.6983397892874 14.6983397892874 12.187247264022 11.7309977673205 11.7309977673205 11.7309977673205 11.7309977673205 13.909292958854 14.3266818833374 13.909292958854 13.909292958854 11.7309977673205 11.7309977673205 11.7309977673205 14.6983397892874 13.909292958854 11.7309977673205 13.909292958854 13.909292958854 14.6983397892874 14.6983397892874 13.909292958854 15.4130521709252 15.4481114920418 7.66488715325709 8.66947200705108
14.6983397892874 13.6544553101645 14.6983397892874 14.6983397892874 14.6983397892874 14.6983397892874 14.6983397892874 14.6983397892874 14.6983397892874 14.6983397892874 8.86392660055073 8.8868559923362 8.39649255760409 16.936169686524 14.6983397892874 14.6983397892874 14.6983397892874 14.6983397892874 14.6983397892874 14.6983397892874 14.6983397892874 15.0763648788015 11.7309977673205 11.7309977673205 11.7309977673205 15.2308262965702 15.2682153575339 15.1929530296206 14.6983397892874 14.6983397892874 14.6983397892874 13.909292958854 11.7309977673205 11.7309977673205 11.7309977673205 11.7309977673205 11.7309977673205 14.6983397892874 13.909292958854 13.909292958854 14.6983397892874 14.6983397892874 15.1157287137708 15.3775388150533 14.6983397892874 7.77031991443256
14.6983397892874 13.6544553101645 14.6983397892874 14.6983397892874 14.6983397892874 14.6983397892874 14.6983397892874 14.6983397892874 14.6983397892874 14.6983397892874 6.41139751575261 8.86392660055073 7.20044434618607 7.20044434618607 7.20044434618607 14.6983397892874 14.6983397892874 14.6983397892874 14.6983397892874 14.6983397892874 14.6983397892874 14.6983397892874 11.7309977673205 11.7309977673205 15.2308262965702 13.909292958854 14.6983397892874 14.6983397892874 14.6983397892874 14.6983397892874 14.6983397892874 14.6983397892874 13.909292958854 11.7309977673205 13.909292958854 14.6983397892874 13.909292958854 13.909292958854 14.6983397892874 14.6983397892874 14.5525187140281 15.4130521709252 15.4481114920418 14.5884919846198 14.6983397892874 14.6983397892874
15.0763648788015 13.6544553101645 14.6983397892874 14.6983397892874 14.6983397892874 14.6983397892874 14.6983397892874 14.6983397892874 14.6983397892874 14.6983397892874 14.6983397892874 7.66488715325709 7.39434986311634 7.20044434618607 7.77031991443256 7.20044434618607 14.6983397892874 14.6983397892874 14.6983397892874 14.6983397892874 14.6983397892874 15.3775388150533 14.6983397892874 12.3377843810706 15.2682153575339 14.6983397892874 14.6983397892874 14.6983397892874 14.6983397892874 14.6983397892874 14.6983397892874 14.6983397892874 13.909292958854 13.909292958854 13.909292958854 14.6983397892874 14.6983397892874 14.6983397892874 14.6983397892874 15.2682153575339 13.909292958854 13.909292958854 15.3415655444616 15.4130521709252 15.3775388150533 14.6590646616084
11.7309977673205 11.4761601186311 13.909292958854 14.6983397892874 14.6983397892874 14.6983397892874 14.6983397892874 14.6983397892874 14.6983397892874 14.6983397892874 14.6983397892874 14.6983397892874 5.05165370988552 8.64922741298915 7.20044434618607 8.95390021126526 14.6983397892874 14.6983397892874 14.6983397892874 14.6983397892874 14.6983397892874 14.6983397892874 12.187247264022 11.7309977673205 11.7309977673205 14.6983397892874 13.909292958854 14.6983397892874 14.6983397892874 14.6983397892874 14.6983397892874 14.6983397892874 14.6983397892874 14.6983397892874 13.909292958854 13.909292958854 14.6983397892874 14.6983397892874 14.6983397892874 14.6983397892874 14.6983397892874 14.4417794661367 15.1545892859889 15.3051264030375 15.3051264030375 15.3775388150533
13.909292958854 13.6544553101645 14.6983397892874 14.6983397892874 14.6983397892874 14.6983397892874 14.6983397892874 14.6983397892874 14.6983397892874 14.6983397892874 14.6983397892874 14.6983397892874 14.6983397892874 7.26368065110136 8.79334131433217 7.20044434618607 14.6983397892874 14.6983397892874 15.1157287137708 15.3415655444616 14.6983397892874 14.6983397892874 11.7309977673205 11.7309977673205 13.909292958854 13.909292958854 14.6983397892874 14.6983397892874 14.6983397892874 14.6983397892874 14.6983397892874 14.6983397892874 14.6983397892874 14.6983397892874 13.909292958854 15.1157287137708 13.909292958854 13.909292958854 14.6983397892874 14.6983397892874 14.6983397892874 15.2682153575339 15.2308262965702 14.6983397892874 14.6983397892874 15.4130521709252
13.909292958854 13.6544553101645 14.6983397892874 14.6983397892874 14.6983397892874 14.6983397892874 14.6983397892874 14.6983397892874 14.6983397892874 14.6983397892874 14.6983397892874 14.6983397892874 14.6983397892874 15.6492526149361 9.01840570476994 8.69488748165291 8.45393398369055 15.3051264030375 16.3385957054211 16.9203814213419 16.5163011478713 15.7749738499886 12.187247264022 11.7309977673205 14.2873180483681 11.7309977673205 14.6983397892874 14.4791685271005 14.3266818833374 14.6983397892874 14.6983397892874 14.6983397892874 14.6983397892874 14.6983397892874 13.909292958854 14.6983397892874 14.6983397892874 14.6983397892874 14.6983397892874 13.909292958854 13.909292958854 13.909292958854 14.6983397892874 14.6983397892874 14.6983397892874 15.4130521709252
11.7309977673205 13.6544553101645 14.6983397892874 14.6983397892874 14.6983397892874 14.6983397892874 14.6983397892874 14.6983397892874 14.6983397892874 14.6983397892874 14.6983397892874 14.6983397892874 14.6983397892874 14.6983397892874 7.65669384288758 8.97567929930374 8.84070026231969 9.25290929298678 9.52885413162736 9.32336872500821 9.15957890654694 9.32336872500821 7.8796433719519 11.7309977673205 14.3266818833374 11.7309977673205 15.3415655444616 13.909292958854 13.909292958854 14.6983397892874 14.6983397892874 14.6983397892874 14.6983397892874 14.6983397892874 14.6983397892874 13.909292958854 14.6983397892874 14.6983397892874 13.909292958854 14.6983397892874 14.6983397892874 14.2474444331575 15.2308262965702 15.4827225831927 15.3775388150533 15.1929530296206
11.7309977673205 11.8541852081452 14.6983397892874 14.6983397892874 14.6983397892874 14.6983397892874 14.6983397892874 14.6983397892874 14.6983397892874 14.6983397892874 14.6983397892874 14.6983397892874 14.6983397892874 15.1929530296206 16.2426432251964 9.08046860532645 7.73293085346884 9.19763309437105 9.27086557937977 9.48443822008981 8.84070026231969 9.15957890654694 9.32336872500821 7.98482714009134 14.4791685271005 14.4039061991871 14.4417794661367 13.909292958854 14.6983397892874 14.6983397892874 14.6983397892874 14.6983397892874 14.6983397892874 14.6983397892874 13.909292958854 14.6983397892874 14.6983397892874 14.6983397892874 14.6983397892874 14.6983397892874 15.2308262965702 14.6936757527592 15.6812921366512 15.4481114920418 13.909292958854 14.6983397892874
14.6936757527592 11.4761601186311 13.909292958854 14.6983397892874 14.6983397892874 14.6983397892874 14.6983397892874 14.6983397892874 14.6983397892874 14.6983397892874 14.6983397892874 14.6983397892874 14.6983397892874 14.6983397892874 14.6983397892874 14.6983397892874 8.1513571718347 7.91515672782385 16.8039878222323 16.8212641681096 14.6983397892874 7.73293085346884 9.3902934034948 8.01899573185242 15.3051264030375 14.2474444331575 13.909292958854 14.5884919846198 14.6983397892874 14.6983397892874 14.6983397892874 14.6983397892874 14.6983397892874 14.6983397892874 14.6983397892874 13.909292958854 14.6983397892874 14.6983397892874 13.909292958854 14.6983397892874 14.6983397892874 14.6983397892874 15.3775388150533 15.4481114920418 14.6983397892874 14.6983397892874
13.909292958854 11.4761601186311 13.909292958854 14.6983397892874 14.6983397892874 14.6983397892874 14.6983397892874 14.6983397892874 14.6983397892874 14.6983397892874 14.6983397892874 14.6983397892874 14.6983397892874 14.6983397892874 14.6983397892874 15.6812921366512 15.3415655444616 16.6766238558352 16.9517561002915 16.9203814213419 14.6983397892874 7.8796433719519 9.46924780019348 9.42248597824051 15.4481114920418 13.909292958854 13.909292958854 14.4417794661367 13.909292958854 14.6983397892874 14.6983397892874 14.6983397892874 14.6983397892874 14.6983397892874 14.2873180483681 14.3266818833374 13.909292958854 11.7309977673205 11.7309977673205 12.300873335567 13.909292958854 13.909292958854 14.6240053404918 7.91515672782385 7.84367010136024 8.01899573185242
4.61112741373329 4.35628976504387 7.61783327066947 8.05272748153481 7.20044434618607 7.20044434618607 7.20044434618607 7.20044434618607 7.45729275626783 15.0763648788015 14.6983397892874 14.6983397892874 14.6983397892874 14.9961012662443 16.0891290665993 16.3150685751478 15.744147550676 16.6574743496483 16.2082830446325 16.936169686524 15.5506229246362 8.8868559923362 8.79334131433217 8.39649255760409 8.42539804756774 14.6983397892874 15.3415655444616 15.1545892859889 14.6983397892874 15.0763648788015 14.6983397892874 14.6983397892874 14.6983397892874 14.6983397892874 14.6983397892874 14.6983397892874 13.909292958854 12.069149241624 12.2256110076537 12.3377843810706 14.6983397892874 15.6492526149361 16.6380768483184 7.98482714009134 8.1833966935498 8.97567929930374
12.2256110076537 3.97826467552975 6.98127308399911 7.16116921850701 7.39434986311634 7.8546805596244 8.05272748153481 7.20044434618607 7.1261098973904 7.05462327092678 7.1261098973904 13.909292958854 13.909292958854 15.6492526149361 14.8922453062177 14.6240053404918 14.3266818833374 14.6983397892874 14.6983397892874 14.6983397892874 14.6983397892874 7.20044434618607 7.98482714009134 7.20044434618607 14.6983397892874 14.6983397892874 14.6983397892874 14.9551881993692 15.0763648788015 14.6983397892874 14.6983397892874 14.6983397892874 14.6983397892874 15.1545892859889 14.8602057845026 14.6983397892874 14.6983397892874 14.6983397892874 14.6983397892874 15.3051264030375 14.6983397892874 15.3051264030375 16.6766238558352 16.6766238558352 16.6184281401912 16.7508047360881
12.2634842746033 14.1490685504977 14.5884919846198 11.7309977673205 4.61112741373329 7.29698114368798 6.94388402303539 4.23310232421917 6.82878644023601 4.68935182092068 4.912301349985 6.90601075608574 13.909292958854 14.7948765867893 14.8277513358597 14.6936757527592 12.6494561443262 16.4073876772085 14.6983397892874 14.6983397892874 14.6983397892874 7.20044434618607 7.20044434618607 7.20044434618607 8.93183907375765 7.95021604894046 14.6983397892874 14.6983397892874 14.6983397892874 14.6983397892874 14.6983397892874 14.6983397892874 14.6983397892874 14.6983397892874 14.6983397892874 14.6983397892874 14.6983397892874 14.6983397892874 14.6983397892874 15.1157287137708 14.6983397892874 14.6983397892874 16.267096306432 16.786487739522 16.855157054608 16.8383196376072
11.7309977673205 12.0086466259139 14.5884919846198 15.0763648788015 11.7309977673205 14.7615760942027 15.9232934906691 14.4791685271005 13.909292958854 15.5506229246362 4.23310232421917 4.87632807939334 7.57816589746949 5.57002939288896 5.15156070122486 12.3742235224947 14.9238752058048 15.7893172179943 14.6983397892874 14.6983397892874 14.6983397892874 14.6983397892874 14.6983397892874 14.6983397892874 7.20044434618607 7.20044434618607 8.33755371058802 9.06004658825817 7.61783327066947 7.65669384288758 7.20044434618607 14.6983397892874 14.6983397892874 14.6983397892874 14.6983397892874 14.6983397892874 13.909292958854 14.6983397892874 15.3415655444616 14.6983397892874 14.6983397892874 14.6983397892874 16.4735747424051 16.6955285374724 16.8717792068916 16.9203814213419
12.3377843810706 14.1490685504977 12.2634842746033 13.909292958854 11.7309977673205 12.3377843810706 14.9859270195552 14.2873180483681 14.4039061991871 15.3775388150533 14.4791685271005 11.7309977673205 7.95570095166158 9.1787284127338 5.34016857303387 14.7278443445203 15.0464023232559 15.3000822361659 16.267096306432 14.6983397892874 14.6983397892874 14.6983397892874 14.6983397892874 14.6983397892874 14.6983397892874 7.20044434618607 7.20044434618607 8.76920086333059 9.06004658825817 8.08602797412143 7.6950575865192 8.01899573185242 15.1929530296206 15.2682153575339 14.6983397892874 14.6983397892874 14.6983397892874 14.6983397892874 14.6983397892874 14.6983397892874 14.6983397892874 14.6983397892874 16.6955285374724 16.6184281401912 16.8039878222323 16.9043886906741
15.7129220362383 12.0829467323812 14.4417794661367 13.909292958854 11.7309977673205 12.187247264022 13.909292958854 13.909292958854 14.4417794661367 15.6167981662931 14.8922453062177 12.3742235224947 7.39434986311634 7.45720527714121 5.01748511812444 12.6819105929692 14.7615760942027 13.909292958854 14.6983397892874 14.6983397892874 14.6983397892874 14.6983397892874 14.6983397892874 14.6983397892874 14.6983397892874 14.6983397892874 14.6983397892874 16.5372555395317 15.4827225831927 8.30751059500077 9.01840570476994 9.12053269708986 16.1155448112253 16.267096306432 8.11890272319176 14.9961012662443 14.6983397892874 14.6983397892874 14.6983397892874 14.6983397892874 14.6983397892874 15.5506229246362 16.7687610224811 16.855157054608 16.786487739522 16.8383196376072
14.7948765867893 12.0829467323812 12.3742235224947 14.6240053404918 12.0287592442774 14.8922453062177 13.909292958854 13.909292958854 13.909292958854 11.7309977673205 11.7309977673205 4.23310232421917 6.41139751575261 7.20044434618607 14.5525187140281 14.6590646616084 14.7278443445203 15.5506229246362 15.0364912635909 14.6983397892874 14.6983397892874 14.6983397892874 14.6983397892874 14.6983397892874 14.6983397892874 14.6983397892874 14.6983397892874 16.7141915246178 15.8651081710043 15.4827225831927 16.5985249720202 9.23472046421021 9.40649324757276 9.34042419450587 9.1787284127338 8.42539804756774 7.65669384288758 7.20044434618607 14.6983397892874 14.6983397892874 14.6983397892874 14.6983397892874 15.744147550676 14.6983397892874 15.0364912635909 14.6590646616084
7.42597976270348 12.2947115042975 12.3377843810706 13.909292958854 13.909292958854 12.3377843810706 14.4791685271005 14.4417794661367 14.8602057845026 15.8054060381021 15.1157287137708 6.78942260526673 7.6950575865192 7.20044434618607 12.300873335567 14.4791685271005 14.5884919846198 15.0760613405708 14.6983397892874 14.6983397892874 14.6983397892874 14.6983397892874 14.6983397892874 14.6983397892874 14.6983397892874 14.6983397892874 14.6983397892874 16.1927829247543 15.744147550676 14.6983397892874 16.2426432251964 16.8383196376072 8.50991603284645 14.6983397892874 6.41139751575261 7.32985589275831 8.45393398369055 7.45729275626783 7.20044434618607 14.6983397892874 14.6983397892874 14.6983397892874 14.6983397892874 13.909292958854 13.909292958854 14.6983397892874
