output/landgen_output/Results_Grp3/canopy_group3.txt.hydrography_group3.txt.nlcd_group3.txt.roads_ranked_group3.txt.asc
NCOLS 62 
NROWS 44 
XLLCORNER -83.414950501105 
YLLCORNER 42.419478386698 
CELLSIZE 0.000424449154075497 
NODATA_value -9999 
[rows 20 to 39 of 44, columns 0 to 45 of 62]
7.88042517661762 4.65746370129558 4.23310232421917 8.05272748153481 15.8651081710043 11.7309977673205 13.909292958854 12.300873335567 14.5525187140281 13.909292958854 1 6.90601075608574 8.08602797412143 15.1545892859889 15.1545892859889 14.3266818833374 14.7615760942027 15.0464023232559 14.6983397892874 14.6983397892874 14.6983397892874 14.6983397892874 14.6983397892874 14.6983397892874 14.6983397892874 14.6983397892874 14.6983397892874 15.3775388150533 15.6492526149361 14.6983397892874 16.997329875066 16.8717792068916 16.3385957054211 14.6983397892874 14.6983397892874 14.6936757527592 8.1204454036737 7.20044434618607 7.20044434618607 14.6983397892874 14.6983397892874 7.20044434618607 7.20044434618607 8.53737141485586 8.69488748165291 16.4950753869491
15.8943880007054 14.224330878411 4.94781470585695 8.76920086333059 9.23472046421021 8.21502659313694 8.08602797412143 6.86764701245412 6.86764701245412 7.20044434618607 4.83988893796928 6.98127308399911 15.744147550676 15.0760613405708 14.5160795726041 14.5525187140281 14.6936757527592 15.744147550676 14.4039061991871 14.6983397892874 14.6983397892874 14.6983397892874 14.6983397892874 14.6983397892874 14.6983397892874 14.6983397892874 14.6983397892874 14.6983397892874 14.6983397892874 14.6983397892874 14.6983397892874 16.8717792068916 16.9823336631912 15.1157287137708 15.0364912635909 15.4780494759985 16.3150685751478 15.3775388150533 7.20044434618607 7.20044434618607 7.20044434618607 7.84367010136024 7.61783327066947 8.08602797412143 8.90949223410716 9.03936009643032
14.5525187140281 12.0829467323812 12.5832809026693 16.1416228331592 7.26368065110136 7.8796433719519 6.82878644023601 8.01899573185242 8.05272748153481 7.80723095993618 7.98482714009134 7.20044434618607 7.61783327066947 15.3051264030375 13.909292958854 13.909292958854 15.2682153575339 15.4481114920418 15.4130521709252 14.6983397892874 14.6983397892874 14.6983397892874 14.6983397892874 14.6983397892874 14.6983397892874 14.6983397892874 14.6983397892874 14.6983397892874 14.6983397892874 14.6983397892874 14.6983397892874 14.6983397892874 14.6983397892874 14.6983397892874 14.6983397892874 14.6983397892874 14.6983397892874 14.6983397892874 7.20044434618607 7.20044434618607 7.49820582314292 7.57846943570019 14.4039061991871 15.3051264030375 16.3618220436521 8.64372739005786
14.7948765867893 14.2612419239147 14.6240053404918 14.9859270195552 14.7278443445203 11.7309977673205 11.9464032670015 11.7309977673205 11.7309977673205 11.7309977673205 4.23310232421917 4.23310232421917 7.26368065110136 7.57846943570019 6.98127308399911 14.4417794661367 14.5160795726041 15.1929530296206 14.6983397892874 14.6983397892874 14.6983397892874 14.6983397892874 14.6983397892874 14.6983397892874 14.6983397892874 14.6983397892874 14.6983397892874 14.6983397892874 14.6983397892874 14.6983397892874 14.6983397892874 14.6983397892874 14.6983397892874 14.6983397892874 14.6983397892874 14.6983397892874 14.6983397892874 14.6983397892874 14.6983397892874 14.6983397892874 14.6983397892874 14.6983397892874 14.6983397892874 14.6983397892874 14.6983397892874 14.6983397892874
15.378320619719 14.224330878411 13.909292958854 14.7615760942027 14.4039061991871 11.7309977673205 13.909292958854 14.7948765867893 15.6492526149361 14.3655424555555 13.909292958854 13.909292958854 14.7615760942027 8.36721272790295 7.26368065110136 4.83988893796928 12.300873335567 15.2682153575339 14.6983397892874 14.6983397892874 14.6983397892874 14.6983397892874 14.6983397892874 14.6983397892874 14.6983397892874 14.6983397892874 14.6983397892874 14.6983397892874 14.6983397892874 14.6983397892874 14.6983397892874 14.6983397892874 15.1157287137708 14.6983397892874 14.6983397892874 14.6983397892874 14.6983397892874 14.6983397892874 14.6983397892874 14.6983397892874 14.6983397892874 14.6983397892874 14.6983397892874 14.6983397892874 14.6983397892874 11.7309977673205
15.3525760027258 14.4388381040698 13.909292958854 14.6590646616084 15.6167981662931 13.909292958854 13.909292958854 14.6983397892874 11.7309977673205 13.909292958854 13.909292958854 13.909292958854 14.6240053404918 8.30751059500077 7.22994890141897 4.23310232421917 7.45720527714121 15.9800005337833 15.4130521709252 14.6983397892874 14.6983397892874 15.4827225831927 14.6983397892874 14.6983397892874 14.6983397892874 14.6983397892874 14.6983397892874 14.6983397892874 14.6983397892874 14.6983397892874 14.6983397892874 14.6983397892874 14.6983397892874 15.6812921366512 15.6167981662931 14.7615760942027 14.6983397892874 14.6983397892874 14.6983397892874 13.909292958854 13.909292958854 11.7309977673205 11.7309977673205 14.6983397892874 14.6983397892874 11.7309977673205
12.1090228568346 11.4761601186311 8.49789544310136 8.49789544310136 9.14112119827553 12.4101967930864 11.7309977673205 11.7309977673205 11.7309977673205 12.4101967930864 14.4417794661367 11.7309977673205 14.5160795726041 14.6983397892874 14.4791685271005 7.01818412950272 5.08538545956791 7.6950575865192 7.20044434618607 14.6983397892874 14.6983397892874 14.6983397892874 14.6983397892874 14.6983397892874 14.6983397892874 14.6983397892874 14.6983397892874 14.6983397892874 14.6983397892874 14.6983397892874 14.6983397892874 14.6983397892874 14.6983397892874 14.6983397892874 11.7309977673205 12.1483866918039 13.909292958854 13.909292958854 11.7309977673205 11.7309977673205 8.49789544310136 8.49789544310136 8.49789544310136 14.6983397892874 14.6983397892874 14.6983397892874
8.49789544310136 8.24305779441194 11.9707733589642 14.6936757527592 14.5884919846198 15.5506229246362 13.909292958854 11.7309977673205 13.909292958854 14.7278443445203 13.909292958854 11.7309977673205 13.909292958854 14.6983397892874 14.3266818833374 11.7309977673205 7.16116921850701 8.36721272790295 7.54850688015457 7.22994890141897 6.86764701245412 12.2634842746033 12.187247264022 12.187247264022 12.187247264022 15.1157287137708 15.3051264030375 14.6983397892874 14.6983397892874 14.6983397892874 14.6983397892874 14.6983397892874 14.6983397892874 11.7309977673205 13.909292958854 14.5525187140281 12.2634842746033 11.7309977673205 14.6983397892874 14.6983397892874 11.7309977673205 11.7309977673205 13.909292958854 14.6983397892874 14.6983397892874 14.6983397892874
8.49789544310136 8.49789544310136 11.4761601186311 12.300873335567 14.6590646616084 13.909292958854 13.909292958854 11.7309977673205 11.7309977673205 11.7309977673205 11.7309977673205 11.7309977673205 12.4457101489583 14.6983397892874 14.5525187140281 12.2256110076537 12.187247264022 14.4791685271005 7.32985589275831 7.1261098973904 4.68935182092068 1 1 8.49789544310136 11.7309977673205 12.1090228568346 12.187247264022 13.909292958854 11.7309977673205 13.909292958854 14.6983397892874 14.6983397892874 14.6983397892874 14.6983397892874 14.6983397892874 14.6983397892874 12.187247264022 11.7309977673205 15.1157287137708 14.6983397892874 14.6983397892874 14.6983397892874 13.909292958854 14.6983397892874 14.6983397892874 14.6983397892874
8.49789544310136 11.7309977673205 13.9926067844681 14.5525187140281 13.909292958854 11.7309977673205 11.7309977673205 11.7309977673205 11.7309977673205 14.6590646616084 11.7309977673205 11.7309977673205 11.7309977673205 11.7309977673205 13.909292958854 11.7309977673205 11.7309977673205 11.7309977673205 11.7309977673205 11.7309977673205 11.7309977673205 4.23310232421917 3.97826467552975 4.39565360001315 11.4761601186311 8.24305779441194 8.24305779441194 8.24305779441194 8.24305779441194 11.4761601186311 13.6544553101645 11.4761601186311 8.24305779441194 11.4761601186311 11.8935490431145 11.8935490431145 11.4761601186311 11.4761601186311 13.6544553101645 13.6544553101645 11.4761601186311 11.4761601186311 11.4761601186311 11.4761601186311 11.4761601186311 13.6544553101645
11.4761601186311 8.24305779441194 11.4761601186311 13.6544553101645 13.6544553101645 11.4761601186311 13.6544553101645 13.6544553101645 11.4761601186311 11.4761601186311 11.4761601186311 8.24305779441194 11.4761601186311 11.4761601186311 11.4761601186311 11.4761601186311 11.4761601186311 11.8935490431145 11.4761601186311 11.4761601186311 11.4761601186311 11.4761601186311 3.97826467552975 4.23310232421917 4.23310232421917 8.24305779441194 12.1483866918039 11.7309977673205 12.1483866918039 14.5884919846198 14.4791685271005 14.5160795726041 11.7309977673205 12.2634842746033 11.7309977673205 12.187247264022 14.3266818833374 12.4101967930864 14.3266818833374 14.2873180483681 13.909292958854 13.909292958854 8.49789544310136 11.7309977673205 12.4807694700749 13.909292958854
7.20044434618607 8.99250868343448 11.4761601186311 13.909292958854 11.7309977673205 13.909292958854 15.3775388150533 14.5160795726041 14.5525187140281 14.2873180483681 12.1090228568346 13.909292958854 13.909292958854 14.5884919846198 14.6590646616084 14.7278443445203 14.4791685271005 12.5153805612258 14.7278443445203 14.5884919846198 14.2873180483681 13.909292958854 6.82878644023601 6.86764701245412 7.16116921850701 12.0829467323812 14.4791685271005 14.7615760942027 14.7278443445203 15.4130521709252 15.4481114920418 14.6936757527592 14.6240053404918 12.4807694700749 12.069149241624 12.6819105929692 12.4807694700749 12.5153805612258 14.7278443445203 14.6983397892874 11.7309977673205 8.49789544310136 14.2873180483681 11.7309977673205 14.5160795726041 15.2682153575339
7.1261098973904 4.76558883150194 11.4761601186311 11.7309977673205 11.7309977673205 13.909292958854 15.3051264030375 14.3266818833374 11.7309977673205 11.7309977673205 11.7309977673205 11.7309977673205 11.7309977673205 11.7309977673205 11.7309977673205 13.909292958854 13.909292958854 11.7309977673205 12.1483866918039 13.909292958854 14.6240053404918 13.909292958854 14.3266818833374 6.41139751575261 6.86764701245412 6.57394879154659 12.3742235224947 14.7615760942027 14.5525187140281 14.6590646616084 14.5884919846198 12.4101967930864 14.5160795726041 14.5884919846198 14.4039061991871 12.4457101489583 14.6590646616084 14.5884919846198 14.4417794661367 13.909292958854 12.2256110076537 8.49789544310136 15.4130521709252 11.7309977673205 12.1483866918039 14.7278443445203
6.82878644023601 7.16116921850701 3.97826467552975 11.7309977673205 11.7309977673205 14.4039061991871 15.2308262965702 13.909292958854 11.7309977673205 14.6936757527592 13.909292958854 13.909292958854 14.3266818833374 14.4791685271005 13.909292958854 14.6936757527592 13.909292958854 13.909292958854 14.4791685271005 14.6590646616084 13.909292958854 13.909292958854 14.2873180483681 7.09059654151845 7.1261098973904 6.83575889282903 15.0184867464902 14.9238752058048 14.3266818833374 14.6590646616084 14.7948765867893 12.8681071317225 14.8922453062177 14.7948765867893 14.8922453062177 14.9238752058048 14.8922453062177 14.6936757527592 14.1246984585349 12.2634842746033 8.49789544310136 15.3051264030375 15.1545892859889 11.7309977673205 12.1483866918039 14.6936757527592
4.23310232421917 4.23310232421917 4.51075118281252 5.45805602560084 7.98482714009134 15.4130521709252 15.5168911749538 14.6983397892874 11.7309977673205 12.0287592442774 14.2070544358108 13.909292958854 13.909292958854 11.7309977673205 14.2873180483681 14.3266818833374 14.6240053404918 13.909292958854 14.6983397892874 13.909292958854 13.909292958854 14.2474444331575 13.909292958854 7.16116921850701 7.05462327092678 8.08602797412143 14.4388381040698 12.2259318213855 14.2474444331575 14.2873180483681 12.4457101489583 13.909292958854 14.4417794661367 14.6590646616084 14.6590646616084 14.7615760942027 14.6590646616084 14.5160795726041 12.3742235224947 14.8602057845026 15.1929530296206 14.6590646616084 12.069149241624 11.7309977673205 14.9551007202426 16.8881888465962
8.49789544310136 11.7309977673205 11.4761601186311 6.41139751575261 7.54850688015457 8.36721272790295 8.90949223410716 8.64372739005786 6.90601075608574 6.94388402303539 14.5525187140281 14.6983397892874 13.909292958854 11.7309977673205 14.6590646616084 14.6936757527592 14.7948765867893 14.5884919846198 13.909292958854 13.909292958854 15.3051264030375 14.3266818833374 14.6590646616084 14.1246984585349 7.26368065110136 7.54850688015457 12.6819105929692 14.3691676918023 12.5153805612258 12.1483866918039 14.4417794661367 14.4791685271005 14.5160795726041 14.6240053404918 12.4101967930864 12.3742235224947 14.8277513358597 14.4417794661367 12.1483866918039 14.7948765867893 16.3385957054211 12.6819105929692 14.7615760942027 14.7615760942027 15.1627825963584 16.9043886906741
12.3377843810706 11.7309977673205 11.7330085287129 14.3655424555555 4.23310232421917 4.23310232421917 8.08602797412143 8.00429448389871 8.1833966935498 7.20044434618607 8.30751059500077 7.16116921850701 6.41139751575261 11.7309977673205 13.909292958854 14.6590646616084 13.909292958854 12.1090228568346 14.5525187140281 14.7615760942027 11.7309977673205 14.8277513358597 14.6936757527592 13.909292958854 6.86764701245412 7.26368065110136 14.8922453062177 12.3946184956368 14.8277513358597 14.2474444331575 13.909292958854 14.8602057845026 14.7615760942027 14.3266818833374 12.4101967930864 14.5160795726041 14.5884919846198 14.6590646616084 12.3377843810706 14.7615760942027 15.6167981662931 13.909292958854 14.7615760942027 12.3377843810706 12.300873335567 14.6240053404918
12.4101967930864 12.2256110076537 11.4761601186311 12.2256110076537 11.7309977673205 12.4457101489583 14.5525187140281 14.4417794661367 14.5525187140281 14.9238752058048 14.9551007202426 8.08602797412143 6.41139751575261 7.05462327092678 7.05462327092678 7.05462327092678 14.5525187140281 14.5884919846198 13.909292958854 14.7278443445203 12.2634842746033 12.187247264022 14.6240053404918 14.5525187140281 7.01818412950272 7.77031991443256 4.912301349985 12.1553591443969 14.6936757527592 14.6936757527592 13.909292958854 14.2873180483681 12.6165813952559 14.6240053404918 14.6240053404918 14.4791685271005 14.6936757527592 14.8922453062177 14.6936757527592 12.6494561443262 14.9859270195552 14.7615760942027 14.6936757527592 14.7948765867893 14.6240053404918 14.6240053404918
11.7309977673205 11.7309977673205 11.4761601186311 11.7309977673205 11.7309977673205 11.7309977673205 12.1483866918039 12.2634842746033 13.909292958854 12.1090228568346 12.1483866918039 12.4807694700749 15.5168911749538 7.73293085346884 7.1261098973904 7.22994890141897 14.5884919846198 13.909292958854 12.3377843810706 12.6494561443262 12.187247264022 12.1090228568346 14.7615760942027 14.6936757527592 5.7526359999495 8.02812630161302 7.42597976270348 12.2947115042975 14.7278443445203 14.7278443445203 11.7309977673205 14.7615760942027 11.7309977673205 12.3377843810706 14.7615760942027 14.3655424555555 14.3655424555555 12.3377843810706 11.7309977673205 12.1483866918039 14.9551007202426 14.8277513358597 14.7278443445203 14.7615760942027 14.5884919846198 14.7615760942027
14.5160795726041 12.187247264022 14.0324803996787 12.4807694700749 14.5525187140281 12.300873335567 12.4101967930864 14.5160795726041 14.5525187140281 14.4039061991871 12.1090228568346 11.7309977673205 11.7309977673205 11.7309977673205 7.16116921850701 4.912301349985 12.1483866918039 14.5884919846198 14.7615760942027 15.378320619719 13.909292958854 13.909292958854 14.8922453062177 14.5525187140281 4.7277155645523 7.51846376456731 7.19578030965788 12.1553591443969 14.5525187140281 14.5160795726041 14.5160795726041 14.4791685271005 14.3266818833374 12.187247264022 14.7615760942027 14.7278443445203 15.6406876864255 16.5579420313595 15.7272543174378 15.6167981662931 14.7948765867893 14.6936757527592 11.7309977673205 12.3742235224947 14.4791685271005 14.6240053404918
