0 0.0477296672300354 -0.0186289634275765 0.0517663892340841 -0.268344799946838 -0.293515155583261 -0.347917655311143
-0.0477296672300354 0 -0.0664844830965078 0.00286690604921191 -0.300744818853262 -0.324416046505948 -0.380708735627711
0.0186289634275765 0.0664844830965078 0 0.0696770625256841 -0.258761436373853 -0.283805567410755 -0.33984825432677
-0.0517663892340841 -0.00286690604921191 -0.0696770625256841 0 -0.302490026441672 -0.326768403577457 -0.379508961353311
0.268344799946838 0.300744818853262 0.258761436373853 0.302490026441672 0 -0.0292588260137025 -0.0920473224856851
0.293515155583261 0.324416046505948 0.283805567410755 0.326768403577457 0.0292588260137025 0 -0.0653151539202261
0.347917655311143 0.380708735627711 0.33984825432677 0.379508961353311 0.0920473224856851 0.0653151539202261 0
