0 0.102069058756852 0.101435505008495 0.036502232962838 0.0862931014105791 0.145065051863204 0.091231594116114 0.0166442477459827
-0.102069058756852 0 0.00919892909228064 -0.0573368312814658 -0.00891157111459564 0.0555685955949443 0.00122481086951236 -0.0812519477000844
-0.101435505008495 -0.00919892909228064 0 -0.0644718455472322 -0.014398209937394 0.0477905105824271 -0.00374829234668459 -0.0875111358218282
-0.036502232962838 0.0573368312814658 0.0644718455472322 0 0.0465960035834455 0.10915699686962 0.0580336733548384 -0.0244706289267358
-0.0862931014105791 0.00891157111459564 0.014398209937394 -0.0465960035834455 0 0.0576752992642655 0.00891554976779787 -0.0692983562973835
-0.145065051863204 -0.0555685955949443 -0.0477905105824271 -0.10915699686962 -0.0576752992642655 0 -0.0487515287167372 -0.128723830444199
-0.091231594116114 -0.00122481086951236 0.00374829234668459 -0.0580336733548384 -0.00891554976779787 0.0487515287167372 0 -0.0799892573045613
-0.0166442477459827 0.0812519477000844 0.0875111358218282 0.0244706289267358 0.0692983562973835 0.128723830444199 0.0799892573045613 0
