output/landgen_output/Results_Grp2/canopy_group2.txt.hydrography_group2.txt.nlcd_group2.txt.roads_ranked_group2.txt.asc
NCOLS 90 
NROWS 59 
XLLCORNER -83.454424272434 
YLLCORNER 42.425845124009 
CELLSIZE 0.000424449154075527 
NODATA_value -9999 
[rows 22 to 43 of 59, columns 0 to 48 of 90]
4.07474207731131 9.3692878684773 3.61552247279096 3.96847691524764 3.32712746794962 2.52508637922961 2.52508637922961 4.20783855196745 3.41168003008485 4.51875668154731 3.10692512226034 3.0434224401076 2.98430598374995 3.60007110129612 3.50250608444086 4.20783855196745 5.96796052604382 250.75 3.61552247279096 6.38194185059702 4.33885117205044 3.61552247279096 5.2982746455288 9.00836109776999 46.0417951231546 10.0580691667936 13.444526884549 3.41168003008485 11.9431597154308 2.41330185829499 1.58183874303073 1 1 8.09865483633769 4.06829412291757 1 1.80204108872001 1.51833606087799 251.727419705211 250.75 250.75 250.75 250.75 250.75 322.110757731734 71.6374290324748 250.75 250.75 251.55204108872
1 7.92589733245927 3.24841507848909 1.97741970521125 3.24841507848909 3.60007110129612 3.17513947219017 2.52508637922961 2.52508637922961 3.50250608444086 3.50250608444086 2.8303475225271 4.06829412291757 2.92927278997273 1.51833606087799 2.52508637922961 3.10692512226034 1.65005309296056 251.268336060878 3.61552247279096 5.78215988569468 4.5021161236462 4.59294217800221 4.20783855196745 5.29150575703567 29.8500876366017 24.7155223814437 5.02882433108595 6.62704874551992 4.06829412291757 1 1.45921960452035 1 16.2673872768166 4.35773666951581 1 251.331838743031 251.154186410743 251.331838743031 250.75 250.75 250.75 251.331838743031 2.07498472206651 321.387429032475 250.75 250.75 6.66167304529473 6.40081095322967
1.51833606087799 8.44423339333726 5.96796052604382 5.2982746455288 3.17513947219017 5.15873021647892 5.15873021647892 3.99672165590514 2.92927278997273 3.10692512226034 3.32712746794962 3.24841507848909 3.32712746794962 11.1485052603549 24.7155223814437 20.7659161630499 2.52508637922961 1 250.75 2.54320774368796 3.96847691524764 2.52508637922961 9.18909092989905 7.12537929311705 38.6582127025947 29.8500876366017 4.51875668154731 3.17513947219017 1.58183874303073 1 2.74461612932855 2.92927278997273 251.268336060878 2.52508637922961 5.02882433108595 1 1.58183874303073 3.9383882375246 251.929788707899 250.75 250.75 250.75 250.75 72.9297978003223 321.387429032475 250.75 256.15081095323 6.40081095322967 7.92589733245927
8.04687954368015 7.92589733245927 3.70487508712882 6.62704874551992 2.17978870789922 3.10692512226034 3.50250608444086 8.78080196641462 3.9383882375246 2.52508637922961 3.41168003008485 4.69172379213333 4.69050719485747 3.61552247279096 5.60919277510866 3.61552247279096 250.75 2.52508637922961 6.38194185059702 20.5731164955915 5.60919277510866 4.13385853366895 2.52508637922961 3.61552247279096 7.71748483908127 5.02882433108595 3.32712746794962 1.45921960452035 1 1.65005309296056 1.51833606087799 251.331838743031 3.10692512226034 8.09865483633769 4.59294217800221 1 252.163301858295 2.17978870789922 1 250.75 250.75 250.75 251.824984722067 71.9903834749314 250.75 250.75 6.40081095322967 6.40081095322967 3.61552247279096
3.41168003008485 8.81249098331452 8.53723735416939 3.60007110129612 3.60007110129612 3.50250608444086 3.41168003008485 4.20783855196745 4.41756356151097 2.52508637922961 3.60007110129612 5.52180803513474 3.61552247279096 3.61552247279096 4.90789124063847 4.69050719485747 3.0434224401076 1.26086209206506 3.50250608444086 32.8490400911726 4.69050719485747 4.69172379213333 4.06829412291757 2.52508637922961 7.31027804234115 3.70487508712882 3.0434224401076 1.51833606087799 2.54320774368796 2.9936703023177 19.4826804020302 1.80204108872001 2.68275217273785 5.76919790364614 1.72332869925948 1 1.51833606087799 1.72332869925948 1.65005309296056 250.75 250.75 250.75 322.037482125435 71.6374290324748 250.75 250.75 256.15081095323 6.40081095322967 3.61552247279096
3.61552247279096 7.92589733245927 3.41168003008485 3.24841507848909 3.32712746794962 5.2982746455288 2.98430598374995 3.32712746794962 4.26557556575152 3.50250608444086 3.41168003008485 7.69036587285327 5.02882433108595 5.44817276307716 10.6048766011573 3.60007110129612 1.58183874303073 2.52508637922961 3.41168003008485 8.53723735416939 16.1407175151226 5.60919277510866 4.06829412291757 2.52508637922961 1 9.00836109776999 3.8350522228899 3.0434224401076 4.20783855196745 11.2693250159491 19.3785157591939 9.00836109776999 5.52180803513474 20.5731164955915 3.70487508712882 1.30526114329749 1.40418641074312 1.26086209206506 1 250.75 250.75 250.75 321.387429032475 1 1 2.17978870789922 6.40081095322967 6.40081095322967 7.92589733245927
2.98430598374995 7.92589733245927 3.24841507848909 2.52508637922961 3.61552247279096 5.2982746455288 3.24841507848909 1.40418641074312 4.35773666951581 2.87804082168629 2.52508637922961 3.61552247279096 11.7324691864959 15.3701897354629 13.7574265894739 4.41756356151097 4.41756356151097 3.61552247279096 3.61552247279096 7.41084192229829 6.0349431995557 4.51875668154731 2.29236876784752 72.614848737686 71.6374290324748 75.5149534649572 73.7443541547351 73.1625154117044 73.8125685046649 89.3423888365806 89.3423888365806 71.6374290324748 71.6374290324748 72.4394701211948 71.6374290324748 73.1625154117044 71.6374290324748 71.9903834749314 71.6374290324748 71.6374290324748 321.387429032475 321.387429032475 321.387429032475 71.6374290324748 73.1625154117044 73.1625154117044 73.1625154117044 71.6374290324748 71.6374290324748
71.6374290324748 71.6374290324748 72.2192677755055 71.6374290324748 71.9903834749314 71.6374290324748 71.9426901757722 71.6374290324748 72.2192677755055 71.6374290324748 73.1625154117044 71.6374290324748 71.6374290324748 73.4233775037694 73.1625154117044 74.2529515052657 73.1625154117044 71.6374290324748 321.387429032475 71.6374290324748 71.6374290324748 71.6374290324748 71.6374290324748 71.6374290324748 3.0434224401076 2.52508637922961 2.52508637922961 1 1.51833606087799 18.6537278358194 20.7124534234476 5.29150575703567 4.01970888353408 3.66746871671998 3.61552247279096 2.57703262315863 3.61552247279096 1 250.75 2.29236876784752 1 250.75 321.387429032475 72.7124137545413 1.97741970521125 250.75 250.75 1.80204108872001 3.60007110129612
3.70487508712882 9.51444050759592 6.0349431995557 4.51875668154731 23.2347994383245 4.5021161236462 3.81745514707712 3.41168003008485 2.52508637922961 2.52508637922961 3.61552247279096 3.61552247279096 3.61552247279096 3.61552247279096 3.61552247279096 3.61552247279096 3.61552247279096 1.88659365085525 251.55204108872 1 3.24841507848909 3.61552247279096 2.52508637922961 3.61552247279096 3.61552247279096 3.61552247279096 3.79657476796725 3.61552247279096 3.61552247279096 19.8258597725924 19.8258597725924 5.15873021647892 4.07474207731131 1.14523253595389 250.861886901391 250.801946243929 251.010862092065 1 1 2.29236876784752 1.45921960452035 1 1 71.6374290324748 1 250.75 250.75 250.75 1
10.0987971913313 33.9394761847339 14.2797536419015 2.9936703023177 9.00836109776999 3.50250608444086 2.52508637922961 2.8303475225271 3.61552247279096 2.52508637922961 3.61552247279096 3.61552247279096 3.61552247279096 3.61552247279096 3.61552247279096 3.61552247279096 3.61552247279096 1.80204108872001 250.75 2.29236876784752 3.61552247279096 2.52508637922961 1 3.61552247279096 3.61552247279096 3.61552247279096 3.61552247279096 3.61552247279096 20.9162958661537 20.9162958661537 20.9162958661537 4.33885117205044 9.11694671370491 250.861886901391 250.75 1 250.969529750099 2.52508637922961 1 250.75 4.20783855196745 1 1 71.6374290324748 71.6374290324748 1 250.75 250.75 250.75
4.69172379213333 36.2144471624309 17.231153608684 11.2693250159491 3.41168003008485 3.61552247279096 3.61552247279096 3.61552247279096 3.61552247279096 3.61552247279096 1 2.52508637922961 3.61552247279096 3.61552247279096 3.61552247279096 2.52508637922961 2.52508637922961 2.8326502902862 1.65005309296056 1 2.52508637922961 1 3.61552247279096 3.61552247279096 3.61552247279096 3.61552247279096 3.61552247279096 3.61552247279096 1 19.8258597725924 20.9162958661537 3.61552247279096 4.90789124063847 251.055261143297 250.75 251.102954442457 1.18105229517629 250.75 250.75 250.75 250.75 250.75 250.75 1 71.6374290324748 1 1 250.75 268.050773393363
3.81745514707712 10.6420330929345 53.8813039319759 3.61552247279096 4.59294217800221 3.61552247279096 3.61552247279096 3.61552247279096 3.61552247279096 3.61552247279096 3.61552247279096 3.61552247279096 3.61552247279096 3.61552247279096 4.33885117205044 3.61552247279096 3.61552247279096 1 1 1.58183874303073 1.26086209206506 3.61552247279096 3.61552247279096 10.6048766011573 3.61552247279096 3.61552247279096 3.61552247279096 3.61552247279096 3.61552247279096 20.9162958661537 20.9162958661537 20.5731164955915 5.15873021647892 2.52508637922961 3.61552247279096 250.75 1.26086209206506 250.75 250.75 250.75 250.75 250.75 250.75 250.75 71.6374290324748 71.6374290324748 1 1 18.3007733933628
4.35773666951581 4.87752443248247 3.61552247279096 3.61552247279096 3.61552247279096 3.61552247279096 3.61552247279096 3.8350522228899 3.61552247279096 3.61552247279096 3.61552247279096 3.61552247279096 3.61552247279096 3.61552247279096 3.61552247279096 3.61552247279096 3.61552247279096 3.61552247279096 3.61552247279096 3.61552247279096 3.61552247279096 3.61552247279096 3.61552247279096 3.61552247279096 3.61552247279096 3.61552247279096 3.61552247279096 3.61552247279096 3.61552247279096 3.61552247279096 18.3007733933628 21.4981346091845 29.6605345028732 64.4330046100787 20.9162958661537 22.5990480388916 19.8258597725924 268.050773393363 268.050773393363 268.050773393363 268.050773393363 268.050773393363 268.050773393363 268.050773393363 268.050773393363 88.9382024258375 89.2911568682942 268.050773393363 20.9162958661537
18.2880796656325 13.7574265894739 4.59294217800221 3.76075500874484 3.61552247279096 3.61552247279096 3.76075500874484 3.61552247279096 3.61552247279096 3.8350522228899 3.61552247279096 3.61552247279096 3.61552247279096 3.61552247279096 3.61552247279096 3.61552247279096 3.61552247279096 3.61552247279096 3.61552247279096 3.61552247279096 3.61552247279096 1 3.61552247279096 3.61552247279096 3.61552247279096 3.61552247279096 3.61552247279096 3.61552247279096 4.41756356151097 3.61552247279096 2.52508637922961 3.24841507848909 26.3091344911327 31.5805270352643 20.9162958661537 20.9162958661537 21.09734816133 18.3007733933628 268.050773393363 268.050773393363 268.050773393363 268.050773393363 268.050773393363 268.050773393363 268.050773393363 268.050773393363 88.9382024258375 88.9382024258375 3.0434224401076
23.2347994383245 70.6553007013777 28.0147125464344 3.61552247279096 3.61552247279096 3.61552247279096 3.76075500874484 3.61552247279096 3.61552247279096 3.61552247279096 4.33885117205044 3.61552247279096 3.61552247279096 3.61552247279096 3.61552247279096 3.61552247279096 3.61552247279096 3.61552247279096 2.52508637922961 3.61552247279096 3.61552247279096 250.75 1 3.61552247279096 3.61552247279096 3.61552247279096 3.61552247279096 3.61552247279096 3.61552247279096 3.61552247279096 2.52508637922961 2.52508637922961 3.41168003008485 2.74461612932855 3.66746871671998 3.61552247279096 250.75 2.52508637922961 1 250.75 250.75 250.75 250.75 250.75 250.75 250.75 1 71.6374290324748 72.1557650933528
29.8500876366017 92.9895447997575 106.795957961151 61.6690442037435 3.96847691524764 3.92078361608845 3.61552247279096 3.61552247279096 3.61552247279096 3.61552247279096 3.61552247279096 3.61552247279096 3.61552247279096 3.61552247279096 3.61552247279096 3.61552247279096 3.61552247279096 3.61552247279096 3.61552247279096 3.61552247279096 3.61552247279096 3.61552247279096 1 3.61552247279096 3.61552247279096 3.61552247279096 3.61552247279096 3.61552247279096 20.9162958661537 3.61552247279096 3.61552247279096 2.52508637922961 4.51875668154731 4.26557556575152 1 1 250.830844499976 3.61552247279096 2.74461612932855 250.75 250.75 250.75 250.75 1 250.75 250.75 250.75 1 71.6374290324748
3.81745514707712 4.69172379213333 22.1443633447631 3.96847691524764 3.61552247279096 3.61552247279096 3.61552247279096 3.61552247279096 3.61552247279096 3.61552247279096 3.61552247279096 3.61552247279096 3.61552247279096 3.61552247279096 3.61552247279096 3.61552247279096 3.61552247279096 3.61552247279096 3.61552247279096 3.61552247279096 3.79657476796725 3.61552247279096 3.61552247279096 3.61552247279096 3.61552247279096 3.61552247279096 3.61552247279096 20.9162958661537 20.9162958661537 18.3007733933628 3.61552247279096 4.19736121582169 4.90789124063847 3.60007110129612 3.72740937418221 1.14523253595389 3.61552247279096 2.78594847129467 251.268336060878 251.55204108872 2.52508637922961 251.636593650855 251.473328699259 1 2.52508637922961 1.30526114329749 1.65005309296056 250.75 72.614848737686
3.32712746794962 1.51833606087799 37.5677766090333 61.6690442037435 6.16754689733248 3.79657476796725 3.61552247279096 3.61552247279096 3.61552247279096 2.52508637922961 3.61552247279096 3.61552247279096 3.61552247279096 3.61552247279096 3.61552247279096 3.61552247279096 3.61552247279096 3.61552247279096 3.61552247279096 3.61552247279096 3.61552247279096 3.61552247279096 3.61552247279096 1 1 3.61552247279096 20.9162958661537 20.9162958661537 20.9162958661537 20.9162958661537 3.61552247279096 4.13385853366895 250.75 11.9431597154308 253.102438053253 19.4826804020302 49.2956204841315 2.52508637922961 26.924276452873 2.17978870789922 251.010862092065 250.75 250.75 4.06829412291757 4.06829412291757 1 1.97741970521125 252.042368767848 2.41330185829499
2.41330185829499 3.35243805325286 78.4089999826842 122.72714796634 33.9394761847339 4.5021161236462 4.19736121582169 3.61552247279096 3.87638456485602 1 21.8195300749101 3.61552247279096 20.9162958661537 2.52508637922961 3.61552247279096 3.61552247279096 3.61552247279096 3.61552247279096 3.61552247279096 3.61552247279096 3.61552247279096 3.61552247279096 3.61552247279096 3.61552247279096 3.61552247279096 3.61552247279096 20.9162958661537 20.9162958661537 20.9162958661537 3.61552247279096 3.61552247279096 5.15873021647892 250.75 1 8.53723735416939 20.7659161630499 43.0127163751903 2.52508637922961 27.2345651638107 2.29236876784752 250.75 250.75 250.75 250.75 250.75 250.75 250.75 250.75 250.75
2.29236876784752 4.24411152441653 66.0014481540126 36.2144471624309 5.60919277510866 13.7574265894739 9.18909092989905 16.2673872768166 21.3204822768968 18.3007733933628 20.9162958661537 20.9162958661537 23.6827152439598 21.3755154706741 20.9162958661537 20.9162958661537 3.61552247279096 3.61552247279096 3.61552247279096 3.61552247279096 3.61552247279096 3.61552247279096 3.61552247279096 3.61552247279096 3.61552247279096 3.61552247279096 3.61552247279096 3.61552247279096 20.9162958661537 3.61552247279096 1 5.96796052604382 3.50250608444086 1.51833606087799 3.32712746794962 2.52508637922961 5.10196236629031 4.51875668154731 3.16663741290372 3.81745514707712 250.75 250.75 250.75 250.75 250.75 250.75 250.75 250.75 1
2.68275217273785 4.69172379213333 35.1240110688696 44.1031524687517 23.2347994383245 8.4007141359025 7.41084192229829 13.0335958089921 31.8216408751252 74.9366593057171 45.3154859397972 78.9698175971063 58.5840701404744 124.096731354514 124.096731354514 141.110113332838 28.0147125464344 4.07474207731131 3.61552247279096 3.61552247279096 4.07474207731131 3.61552247279096 3.61552247279096 3.61552247279096 4.01970888353408 3.61552247279096 3.61552247279096 3.61552247279096 3.61552247279096 1 2.52508637922961 4.69172379213333 2.52508637922961 1 2.52508637922961 2.52508637922961 2.52508637922961 1 3.35243805325286 2.52508637922961 250.75 250.75 250.75 250.75 250.75 250.75 250.75 250.75 1
3.9383882375246 1.72332869925948 23.6250862878824 44.1031524687517 38.6582127025947 31.8216408751252 47.1322312167159 23.2347994383245 122.72714796634 47.1322312167159 122.72714796634 151.336755335807 106.795957961151 106.795957961151 81.0245224554751 114.476614587093 61.6690442037435 17.231153608684 4.13385853366895 3.87638456485602 3.61552247279096 3.61552247279096 3.61552247279096 4.69050719485747 3.61552247279096 3.79657476796725 3.61552247279096 3.79657476796725 3.92078361608845 3.61552247279096 3.61552247279096 6.85963399720749 3.81745514707712 1.51833606087799 3.32712746794962 1 1 2.07498472206651 3.70487508712882 11.2693250159491 6.16527949362366 1.88659365085525 7.31027804234115 19.4826804020302 15.1769511832552 16.1407175151226 46.0417951231546 6.0349431995557 6.38194185059702
