output/landgen_output/Results_Grp2/canopy_group2.txt.hydrography_group2.txt.nlcd_group2.txt.roads_ranked_group2.txt.asc
NCOLS 90 
NROWS 59 
XLLCORNER -83.454424272434 
YLLCORNER 42.425845124009 
CELLSIZE 0.000424449154075527 
NODATA_value -9999 
[rows 0 to 21 of 59, columns 0 to 48 of 90]
2.984305983749950 1 2.52508637922961 4.26557556575152 2.52508637922961 1.51833606087799 3.81745514707712 3.50250608444086 2.52508637922961 20.4076985156231 21.1182285404399 29.6605345028732 21.3755154706741 2.98430598374995 1 1.65005309296056 2.52508637922961 2.98430598374995 2.52508637922961 1.72332869925948 2.98430598374995 4.59294217800221 3.61552247279096 3.61552247279096 2.74461612932855 3.17513947219017 3.41168003008485 4.41756356151097 21.9924971854961 21.8195300749101 19.8258597725924 20.9162958661537 21.802889517009 23.2687339194066 19.8258597725924 19.8258597725924 22.3295977244487 19.278193098574 251.727419705211 1 1.65005309296056 1.45921960452035 3.24841507848909 3.41168003008485 3.61552247279096 3.60007110129612 2.52508637922961 72.3607577317342 1.72332869925948
3.10692512226034 1.40418641074312 1 3.41168003008485 3.10692512226034 1.35295444245668 4.35773666951581 3.60007110129612 4.87752443248247 4.69172379213333 3.9383882375246 17.1759917993562 4.26557556575152 2.87804082168629 3.81745514707712 2.52508637922961 2.52508637922961 3.10692512226034 1 1.40418641074312 1.30526114329749 2.52508637922961 4.79531118069018 3.61552247279096 2.52508637922961 2.87804082168629 21.8195300749101 22.0960845740529 20.9162958661537 19.8258597725924 20.9162958661537 20.9162958661537 19.8258597725924 23.3357165929185 31.0581999828367 28.4492786537177 21.802889517009 9.62767344773074 1.58183874303073 250.75 250.75 250.75 250.75 251.102954442457 250.75 251.473328699259 4.20783855196745 71.6374290324748 18.8191094542408
1.88659365085525 2.98430598374995 1 1.65005309296056 2.52508637922961 1.65005309296056 3.50250608444086 1 6.57356845710809 4.35773666951581 2.52508637922961 4.69172379213333 9.18909092989905 4.20783855196745 2.17978870789922 2.52508637922961 1.58183874303073 3.60007110129612 2.52508637922961 1.65005309296056 2.52508637922961 1 1.51833606087799 3.0434224401076 1 2.52508637922961 20.8032794778036 23.9278221388827 21.5086119453302 28.4492786537177 27.90564999452 21.0056484804916 18.7049598041059 20.4759128655529 4.26557556575152 122.72714796634 99.6458158437921 81.0245224554751 5.52180803513474 250.75 250.75 250.75 251.331838743031 250.75 250.75 250.75 251.473328699259 72.2874821254353 18.6537278358194
6.91914701410766 1.72332869925948 3.50250608444086 3.60007110129612 3.0434224401076 5.29150575703567 5.76919790364614 3.17513947219017 1.80204108872001 5.76919790364614 3.24841507848909 3.24841507848909 3.41168003008485 3.17513947219017 6.62704874551992 3.24841507848909 1.80204108872001 3.81745514707712 1.58183874303073 1.97741970521125 2.8303475225271 1 3.24841507848909 2.52508637922961 2.52508637922961 1.58183874303073 2.52508637922961 20.4076985156231 20.1311209158899 20.3441958334704 19.8258597725924 1 1 1.35295444245668 3.24841507848909 4.19736121582169 4.07474207731131 47.1322312167159 7.71748483908127 250.75 251.400053092961 251.55204108872 4.01970888353408 1.72332869925948 250.75 250.75 250.75 72.0966486369951 1.35295444245668
7.92589733245927 3.32712746794962 1.88659365085525 2.78594847129467 3.61552247279096 4.06829412291757 5.07711080377113 3.32712746794962 1.88659365085525 4.20783855196745 1.65005309296056 3.81745514707712 3.9383882375246 3.10692512226034 4.35773666951581 1.65005309296056 2.87804082168629 3.17513947219017 2.87804082168629 3.32712746794962 3.32712746794962 2.52508637922961 3.24841507848909 3.10692512226034 3.60007110129612 3.35243805325286 3.81745514707712 3.60007110129612 3.81745514707712 2.52508637922961 1 18.2664278929175 44.1031524687517 66.0014481540126 4.19736121582169 2.92927278997273 2.52508637922961 6.85963399720749 1 250.75 250.75 251.636593650855 3.17513947219017 1 1 251.331838743031 251.268336060878 72.0966486369951 1.40418641074312
6.80499736397279 1.65005309296056 4.07474207731131 3.0434224401076 4.41756356151097 2.41330185829499 8.53723735416939 3.60007110129612 1 3.81745514707712 1.72332869925948 8.09865483633769 7.71748483908127 3.17513947219017 3.60007110129612 3.70487508712882 3.24841507848909 4.90789124063847 2.92927278997273 3.24841507848909 3.50250608444086 2.52508637922961 3.0434224401076 2.92927278997273 3.24841507848909 19.2408297838203 4.87752443248247 2.52508637922961 3.41168003008485 3.70487508712882 2.98430598374995 25.2156734814771 81.0245224554751 81.0245224554751 61.6690442037435 57.6358859123544 3.17513947219017 8.09865483633769 3.61552247279096 1 250.75 6.61224412869609 13.7574265894739 53.8813039319759 3.81745514707712 3.0434224401076 3.17513947219017 73.9645565004244 1.30526114329749
8.27885177491595 3.0434224401076 1.88659365085525 3.41168003008485 1.65005309296056 1.65005309296056 4.35773666951581 3.9383882375246 1.65005309296056 2.52508637922961 1.58183874303073 5.76919790364614 20.7659161630499 2.98430598374995 1.51833606087799 2.92927278997273 2.52508637922961 2.52508637922961 2.52508637922961 3.24841507848909 3.0434224401076 1.40418641074312 3.50250608444086 2.98430598374995 1.40418641074312 5.44817276307716 29.8500876366017 4.51875668154731 3.70487508712882 3.60007110129612 3.24841507848909 2.07498472206651 30.7312047815638 23.2347994383245 5.96796052604382 4.26557556575152 1 3.24841507848909 4.35773666951581 1 250.75 3.60007110129612 20.5731164955915 47.1322312167159 20.7659161630499 4.20783855196745 3.10692512226034 71.6374290324748 71.9903834749314
8.44423339333726 2.87804082168629 1.30526114329749 4.87752443248247 6.0349431995557 3.50250608444086 5.29150575703567 4.06829412291757 3.41168003008485 3.32712746794962 3.17513947219017 3.61552247279096 36.2144471624309 4.26557556575152 3.70487508712882 16.1407175151226 4.51875668154731 3.10692512226034 2.52508637922961 1.80204108872001 2.87804082168629 3.0434224401076 4.51875668154731 2.98430598374995 1 118.129847397526 70.6553007013777 4.07474207731131 3.61552247279096 3.32712746794962 4.35773666951581 3.81745514707712 3.50250608444086 3.81745514707712 2.52508637922961 2.52508637922961 22.1443633447631 49.2956204841315 4.87752443248247 1 251.400053092961 5.07711080377113 14.5349629781103 12.3597611095104 13.444526884549 3.50250608444086 1.40418641074312 1.26086209206506 72.0966486369951
8.50773607549 3.41168003008485 2.52508637922961 3.50250608444086 3.17513947219017 2.92927278997273 2.98430598374995 3.24841507848909 3.10692512226034 2.52508637922961 2.8303475225271 4.33885117205044 31.8216408751252 4.13385853366895 3.61552247279096 2.52508637922961 4.06829412291757 15.3701897354629 5.44817276307716 2.98430598374995 1 1.35295444245668 4.20783855196745 4.59294217800221 2.52508637922961 133.674139562032 99.6458158437921 174.122676816837 12.6669904959126 2.52508637922961 2.52508637922961 3.70487508712882 3.81745514707712 26.924276452873 79.9340863619138 151.336755335807 70.6553007013777 86.7930324109916 86.7930324109916 105.70552186759 84.1775099382007 20.5731164955915 36.2144471624309 81.0245224554751 6.62704874551992 1 250.75 1.30526114329749 321.387429032475
8.38511693697962 2.52508637922961 2.52508637922961 2.52508637922961 3.60007110129612 3.60007110129612 3.70487508712882 4.41756356151097 4.33885117205044 4.5021161236462 2.98430598374995 2.52508637922961 38.6582127025947 29.8500876366017 4.87752443248247 4.51875668154731 3.60007110129612 2.87804082168629 3.24841507848909 4.20783855196745 3.17513947219017 2.52508637922961 3.32712746794962 6.9564434501188 2.87804082168629 4.87752443248247 179.102471220453 86.7930324109916 75.6544521612204 7.31027804234115 3.10692512226034 10.6420330929345 4.01970888353408 3.9383882375246 4.20783855196745 151.336755335807 106.795957961151 174.122676816837 38.6582127025947 61.6690442037435 36.2144471624309 6.38194185059702 29.8500876366017 36.2144471624309 2.52508637922961 1 250.75 1.35295444245668 71.6374290324748
8.44423339333726 3.10692512226034 3.24841507848909 2.52508637922961 4.69172379213333 5.02882433108595 3.81745514707712 3.41168003008485 3.24841507848909 3.9383882375246 2.52508637922961 3.10692512226034 4.87752443248247 174.122676816837 186.798730818383 186.798730818383 131.589840878839 4.59294217800221 4.41756356151097 3.32712746794962 3.61552247279096 2.52508637922961 2.52508637922961 2.52508637922961 2.52508637922961 3.9383882375246 212.746838910232 199.894055477432 92.9895447997575 4.5021161236462 1 2.52508637922961 2.74461612932855 1.14523253595389 3.10692512226034 5.44817276307716 12.3597611095104 11.1485052603549 28.0147125464344 19.3785157591939 41.2832967471116 44.1031524687517 19.3785157591939 11.7324691864959 3.61552247279096 1 250.75 1.58183874303073 71.6374290324748
6.75376539568635 3.24841507848909 2.52508637922961 2.52508637922961 3.17513947219017 3.0434224401076 3.17513947219017 1.58183874303073 3.10692512226034 3.24841507848909 1.58183874303073 1.51833606087799 4.26557556575152 81.0245224554751 86.7930324109916 92.9895447997575 179.102471220453 244.690863945279 28.0147125464344 6.61224412869609 5.78215988569468 2.98430598374995 3.41168003008485 3.32712746794962 3.10692512226034 1.97741970521125 194.125545521915 227.577637653534 194.125545521915 5.60919277510866 5.44817276307716 12.7546672626719 6.62704874551992 12.6669904959126 4.69172379213333 8.04687954368015 4.20783855196745 3.9383882375246 3.50250608444086 4.5021161236462 5.29150575703567 3.35243805325286 1.72332869925948 250.75 251.20921960452 251.727419705211 1 2.52508637922961 73.1625154117044
8.57595042541984 6.9564434501188 5.07711080377113 6.9564434501188 4.79531118069018 5.02882433108595 5.96796052604382 6.62704874551992 8.04687954368015 3.81745514707712 1.72332869925948 3.60007110129612 13.7574265894739 8.04687954368015 13.0335958089921 8.78080196641462 16.2673872768166 17.231153608684 41.2832967471116 38.6582127025947 50.3860565776929 149.315470228871 92.9895447997575 86.7930324109916 206.090567866198 160.233254283156 206.090567866198 227.577637653534 227.577637653534 137.816545447884 126.858449655914 183.756323767818 151.759235769035 4.19736121582169 1 4.20783855196745 3.10692512226034 250.75 250.75 250.75 250.75 250.75 250.75 250.75 250.75 250.75 1 2.52508637922961 71.6374290324748
8.44423339333726 3.17513947219017 3.17513947219017 3.41168003008485 3.81745514707712 3.17513947219017 2.98430598374995 2.52508637922961 3.0434224401076 2.98430598374995 2.92927278997273 3.32712746794962 4.5021161236462 4.59294217800221 3.32712746794962 3.10692512226034 3.41168003008485 3.9383882375246 151.759235769035 79.5064860302445 188.755475227661 131.589840878839 154.384319813552 179.102471220453 188.755475227661 194.125545521915 219.896981027591 166.982326998416 212.746838910232 188.755475227661 147.040499251174 119.960657063648 120.226402359557 120.226402359557 2.52508637922961 250.75 1 250.75 250.75 250.75 250.75 250.75 1 1 250.75 250.75 2.52508637922961 3.17513947219017 71.6374290324748
7.92589733245927 1.88659365085525 4.59294217800221 2.52508637922961 4.07474207731131 3.92078361608845 3.10692512226034 2.92927278997273 3.50250608444086 3.17513947219017 2.98430598374995 1.51833606087799 3.0434224401076 3.32712746794962 4.06829412291757 3.17513947219017 3.24841507848909 9.00836109776999 125.460784175951 23.1974859562132 134.957375323052 219.896981027591 157.204175535192 188.755475227661 227.577637653534 194.125545521915 151.759235769035 174.770067270184 179.102471220453 134.957375323052 212.746838910232 16.748391467687 13.8521533102323 5.60919277510866 250.75 250.75 1.40418641074312 3.10692512226034 1.51833606087799 3.32712746794962 1.45921960452035 1.65005309296056 1 1.80204108872001 3.70487508712882 1 3.50250608444086 1 71.6374290324748
9.42051983676375 7.12413965248914 3.17513947219017 2.87804082168629 3.61552247279096 3.79657476796725 3.61552247279096 4.07474207731131 4.26557556575152 4.06829412291757 7.12537929311705 3.0434224401076 4.06829412291757 44.1031524687517 23.6250862878824 1.58183874303073 4.79531118069018 122.290113996339 149.315470228871 48.8680201524623 119.482964917037 120.226402359557 174.770067270184 206.090567866198 219.896981027591 206.090567866198 244.690863945279 244.690863945279 157.204175535192 92.9895447997575 162.322176936106 70.6553007013777 56.1178494871238 194.125545521915 262.504667262672 1.97741970521125 2.52508637922961 3.10692512226034 1.40418641074312 1.88659365085525 3.32712746794962 1.51833606087799 250.75 2.8326502902862 1 1.80204108872001 250.75 1.97741970521125 73.0507308907698
3.96847691524764 9.33919919075426 1.97741970521125 2.52508637922961 2.52508637922961 2.92927278997273 1 3.10692512226034 1.45921960452035 3.0434224401076 2.87804082168629 2.98430598374995 4.35773666951581 44.1031524687517 6.85963399720749 13.7574265894739 33.9394761847339 128.471212801903 117.298384282262 1.35295444245668 17.7512402417401 17.5879752901443 17.9396313129514 170.736908978795 199.894055477432 3.61552247279096 206.090567866198 163.487079644133 4.90789124063847 2.41330185829499 6.62704874551992 4.5021161236462 33.9394761847339 23.2347994383245 250.75 3.60007110129612 3.60007110129612 1.45921960452035 250.75 250.75 250.75 250.75 1.72332869925948 250.75 1 250.75 250.75 1.72332869925948 73.470079322761
3.24841507848909 9.60864950519712 3.9383882375246 2.87804082168629 4.19736121582169 4.13385853366895 3.10692512226034 4.07474207731131 3.32712746794962 4.26557556575152 2.52508637922961 3.10692512226034 1.80204108872001 7.12537929311705 5.96796052604382 4.33885117205044 5.96796052604382 5.2982746455288 4.69050719485747 123.199820257772 3.60007110129612 3.60007110129612 26.924276452873 57.6358859123544 26.3061095750385 4.26557556575152 13.7574265894739 117.603139190086 3.61552247279096 1.88659365085525 1.40418641074312 4.01970888353408 26.3061095750385 5.78215988569468 250.75 250.75 1.65005309296056 1.51833606087799 250.75 250.75 250.75 1.80204108872001 3.61552247279096 1 250.75 250.75 2.52508637922961 3.60007110129612 71.6374290324748
2.8303475225271 7.69317972107718 3.41168003008485 2.8303475225271 3.41168003008485 3.32712746794962 3.17513947219017 3.10692512226034 5.44817276307716 5.44817276307716 4.90789124063847 5.29150575703567 19.4826804020302 75.6544521612204 4.79531118069018 3.17513947219017 1.88659365085525 10.0580691667936 31.8216408751252 7.12537929311705 4.19736121582169 5.44817276307716 10.6048766011573 5.60919277510866 7.71748483908127 11.7324691864959 13.7574265894739 9.18909092989905 7.12537929311705 3.17513947219017 3.9383882375246 2.07498472206651 23.2347994383245 8.04687954368015 250.75 250.75 3.41168003008485 3.24841507848909 1 250.75 250.75 250.75 2.52508637922961 1.80204108872001 250.75 2.17978870789922 4.69172379213333 72.4394701211948 71.6374290324748
4.79531118069018 8.90331703767053 6.32040582873694 2.98430598374995 3.0434224401076 3.17513947219017 3.32712746794962 3.10692512226034 3.0434224401076 2.52508637922961 3.10692512226034 3.60007110129612 22.0999999086528 29.8500876366017 5.29150575703567 4.35773666951581 17.231153608684 38.6582127025947 5.60919277510866 5.96796052604382 5.2982746455288 5.52180803513474 20.7659161630499 16.2673872768166 6.32040582873694 2.17978870789922 56.545449818793 188.755475227661 7.31027804234115 3.41168003008485 1.51833606087799 3.55202442454152 9.11694671370491 270.369276965534 29.2061184023342 304.770363439563 64.9110120604513 2.87804082168629 1 250.75 250.75 1 2.98430598374995 250.75 250.75 2.29236876784752 2.52508637922961 71.9903834749314 1
11.2693250159491 12.0278596987496 5.78215988569468 4.90789124063847 5.96796052604382 3.70487508712882 2.98430598374995 2.7061386744059 1.51833606087799 3.10692512226034 3.24841507848909 3.32712746794962 5.78215988569468 20.7659161630499 28.7596515430403 17.231153608684 86.7930324109916 24.7155223814437 5.44817276307716 4.87752443248247 13.0335958089921 23.6250862878824 30.7312047815638 24.7155223814437 16.2673872768166 2.41330185829499 7.69036587285327 142.951110703042 8.53723735416939 1.80204108872001 2.07498472206651 4.24411152441653 251.636593650855 121.14790261012 114.476614587093 215.042172906673 5.2982746455288 2.92927278997273 1 250.75 1.72332869925948 250.75 250.75 252.163301858295 3.76641937780606 1 72.0416154432179 71.6374290324748 2.52508637922961
3.70487508712882 11.7212167819666 16.2673872768166 12.3597611095104 9.62767344773074 4.69050719485747 3.41168003008485 4.90789124063847 6.85963399720749 5.02882433108595 4.19736121582169 4.26557556575152 5.07711080377113 4.87752443248247 5.52180803513474 5.02882433108595 4.79531118069018 3.61552247279096 3.61552247279096 10.0987971913313 8.04687954368015 5.44817276307716 11.1485052603549 5.44817276307716 41.2832967471116 23.2347994383245 38.6582127025947 128.471212801903 4.20783855196745 1.97741970521125 1 1 1.51833606087799 3.32712746794962 47.1322312167159 122.72714796634 21.8563522566113 3.0434224401076 251.636593650855 1.97741970521125 1.72332869925948 250.75 250.75 251.473328699259 2.07498472206651 72.614848737686 321.387429032475 1 2.52508637922961
